00011000
00111111
00101000
00100000
00010000
00011000
00000001
01000000
01011000
00011000
00011000
00111110
00101000
00100000
00010000
00011000
00000001
01000000
01011000
00101101
01010000
00111101
00011000
00111110
00101000
00100000
00010000
00011000
00000001
01000000
01011000
00111101
00011000
01000000
00101000
00100000
00010000
00011000
00111101
00101000
00100000
01001000
00110000
01010000
00111101
00011000
01000000
00101000
00100000
00111000
00010000
00011000
00000001
01001000
00010000
00011000
00111101
00101000
00100000
01001000
00110000
00111101
00111110
00111111
01000000

